model                     n_h lastliq_h  clwvi_d2 clwvi_max clivi_d5+  ts_end  ts_min   rlds
--------------------------------------------------------------------------------------------
Clima slab ocean          480        55    0.0780    0.0914    0.0125   249.2   249.2  166.4
Clima slab ice            480        74    0.1996    0.2482    0.0044   237.1   237.1  148.8
Clima ClimaSeaIce         480        83    0.1842    0.2445    0.0046   232.0   232.0  154.3
Clima ClimaSeaIce+snow    480        78    0.1980    0.2661    0.0047   214.5   214.5  139.7
CAM5.3ps                  481       438    0.0148    0.0362    0.0027   215.4   215.4  137.5
CAM5.3std                 481        -1    0.0000    0.0000    0.0020   215.6   215.6  125.0
EC-Earth                  481        53    0.0417    0.0546    0.0154   238.3   238.2  171.4
ECHAM6-HAMs1              481       272    0.0339    0.0654    0.0017   215.1   215.1  152.3
ECHAM6.2                  465       153    0.2586    0.4002    0.0057   217.9   217.9  153.2
GISSbaseline              480        16    0.0000    0.0578    0.0042   220.5   220.5  138.9
GISSvmptweakSnow          480       209    0.0200    0.1014    0.0043   206.8   206.8  153.4
WRF351UeqUg200lev         481        -1    0.0000    0.0000    0.0054   213.6   213.0  124.6
WRF351UeqUg90lev          481        37    0.0181    0.0739    0.0053   212.9   212.7  127.9
cmcgdpsctl                481       227    0.0111    0.0199    0.0190   229.0   228.9  180.6
cmcgdpssensib1            481       172    0.0111    0.0199    0.0045   219.6   217.6  147.5
cmchrdps                  481       276    0.1477    0.2105    0.0429   228.2   227.4  189.5
cmcrdps                   481       253    0.0110    0.0166    0.0237   227.7   227.7  186.9
ecmwfifs                  481       120    0.0405    0.0540    0.0128   232.2   232.2  161.6
wurd91                    480        -1    0.0000    0.0000    0.0009   239.5   239.5  202.5
